7.982599735260009766e-01
-1.755258321762084961e+00
-1.317118287086486816e+00
-2.023687362670898438e-01
4.364144802093505859e-01
1.649907231330871582e-01
9.193951487541198730e-01
4.109075069427490234e-01
2.515501379966735840e-01
5.123465657234191895e-01
7.037854790687561035e-01
6.148802042007446289e-01
-1.014356613159179688e+00
-3.791801929473876953e-01
-7.838662862777709961e-01
4.287556707859039307e-01
-2.204432152211666107e-02
-1.096452355384826660e+00
-1.444110512733459473e+00
7.133854627609252930e-01
-1.313956260681152344e+00
5.748524069786071777e-01
8.279257416725158691e-01
-8.395131826400756836e-01
-7.447652220726013184e-01
6.750653982162475586e-01
-5.876548290252685547e-01
-6.719806194305419922e-01
6.070286035537719727e-01
-5.701618790626525879e-01
-9.621377587318420410e-01
-9.037520885467529297e-01
6.407071352005004883e-01
6.866832375526428223e-01
-1.389580130577087402e+00
-7.833021879196166992e-01
2.403424829244613647e-01
-1.123803257942199707e+00
-1.235578894615173340e+00
-1.937379688024520874e-01
2.252355366945266724e-01
3.242468535900115967e-01
-3.680026233196258545e-01
2.472777962684631348e-01
7.200604081153869629e-01
-6.784242391586303711e-01
-8.229382634162902832e-01
-1.626073837280273438e+00
-1.169410943984985352e+00
-1.188922762870788574e+00
-1.649300217628479004e+00
-1.650542736053466797e+00
4.603110253810882568e-01
-1.045243501663208008e+00
5.914384722709655762e-01
6.056831479072570801e-01
-1.071427702903747559e+00
6.006671190261840820e-01
5.158284306526184082e-01
-9.155130386352539062e-01
2.193590700626373291e-01
-3.526940643787384033e-01
-1.381338000297546387e+00
9.291212558746337891e-01
-3.481993675231933594e-01
-1.336393713951110840e+00
-2.329360991716384888e-01
3.174478411674499512e-01
7.285229563713073730e-01
-7.381231188774108887e-01
5.027235746383666992e-01
3.858399093151092529e-01
-1.796596288681030273e+00
6.719034910202026367e-01
-1.463573694229125977e+00
-4.114189147949218750e-01
6.546452045440673828e-01
9.445613622665405273e-01
-1.424447298049926758e+00
-1.747295618057250977e+00
4.196141362190246582e-01
-8.363454341888427734e-01
3.716164827346801758e-01
4.199186265468597412e-01
2.393944710493087769e-01
-1.225375771522521973e+00
7.726358771324157715e-01
9.414562582969665527e-01
-2.734592914581298828e+00
-1.160690784454345703e+00
2.799341976642608643e-01
5.255052447319030762e-01
4.696803987026214600e-01
-7.381680607795715332e-01
7.371656894683837891e-01
3.906949162483215332e-01
-2.323140203952789307e-01
7.902382016181945801e-01
-1.607910871505737305e+00
-1.318757176399230957e+00
-5.477332472801208496e-01
3.408959805965423584e-01
6.863498091697692871e-01
-8.250957131385803223e-01
-8.533944487571716309e-01
-8.057859539985656738e-01
-4.807347357273101807e-01
-1.057795643806457520e+00
-6.770901679992675781e-01
-7.270110845565795898e-01
-4.468408823013305664e-01
-8.063367009162902832e-01
-5.451208353042602539e-01
4.891020655632019043e-01
5.528390407562255859e-01
-6.614601016044616699e-01
3.191523551940917969e-01
-8.642894029617309570e-01
8.832622766494750977e-01
-9.190447330474853516e-01
7.431976795196533203e-01
4.322504997253417969e-02
2.821533977985382080e-01
5.348096787929534912e-02
-8.398261666297912598e-01
7.104670405387878418e-01
-1.034660935401916504e+00
5.123845338821411133e-01
-1.213311195373535156e+00
6.180872917175292969e-01
8.188307285308837891e-01
7.061194777488708496e-01
-6.303791403770446777e-01
-1.072473973035812378e-01
-1.748645454645156860e-01
4.903501272201538086e-01
-1.116854786872863770e+00
5.578668117523193359e-01
6.936854124069213867e-01
2.500395774841308594e-01
-1.057398796081542969e+00
-1.136772274971008301e+00
-1.429050922393798828e+00
-4.086135029792785645e-01
-8.946793675422668457e-01
3.881178498268127441e-01
1.134681582450866699e+00
2.720324993133544922e-01
-1.263488411903381348e+00
2.308806926012039185e-01
6.878596544265747070e-01
-2.465282082557678223e-01
-1.382457017898559570e+00
-1.770687550306320190e-01
-6.348236799240112305e-01
-1.002339124679565430e+00
6.039161682128906250e-01
-1.389120578765869141e+00
-1.007822155952453613e+00
1.327774167060852051e+00
3.218868970870971680e-01
2.177902311086654663e-01
1.126908659934997559e+00
-7.805968523025512695e-01
5.280295386910438538e-02
3.171336352825164795e-01
1.778281480073928833e-01
-1.199468255043029785e+00
4.870656132698059082e-01
-6.866294145584106445e-01
-8.376089930534362793e-01
9.084612131118774414e-01
3.156119883060455322e-01
5.948886871337890625e-01
6.968361139297485352e-01
-1.949734926223754883e+00
9.979445934295654297e-01
4.916622117161750793e-02
-7.507395148277282715e-01
3.162977099418640137e-01
-1.550883650779724121e+00
6.144488453865051270e-01
-9.371217489242553711e-01
5.985642671585083008e-01
1.192608237266540527e+00
-2.097457796335220337e-01
-6.047784090042114258e-01
8.119233250617980957e-01
1.777621954679489136e-01
7.289347648620605469e-01
-1.273686766624450684e+00
-1.186969995498657227e+00
-6.267025470733642578e-01
-2.866852879524230957e-01
5.631211400032043457e-01
1.855297535657882690e-01
5.206200480461120605e-01
4.942275583744049072e-01
4.799454808235168457e-01
-7.444262504577636719e-01
6.167318224906921387e-01
1.109527274966239929e-01
-1.751216769218444824e+00
5.667446851730346680e-01
-1.471878886222839355e+00
4.523982405662536621e-01
-1.337954998016357422e+00
-1.279696345329284668e+00
4.095773696899414062e-01
-1.250406146049499512e+00
-1.393527388572692871e+00
-4.766073077917098999e-02
-4.671957194805145264e-01
-1.740120798349380493e-01
5.292638540267944336e-01
-1.909893751144409180e+00
4.670946896076202393e-01
-1.255290746688842773e+00
3.219458162784576416e-01
-8.992279767990112305e-01
6.526185870170593262e-01
3.953572213649749756e-01
5.303890109062194824e-01
6.109880805015563965e-01
-5.580445528030395508e-01
-1.745962798595428467e-01
6.726795434951782227e-02
2.009999752044677734e-01
6.889134645462036133e-01
-1.043203592300415039e+00
-1.314183473587036133e+00
6.678677797317504883e-01
-2.939386367797851562e-01
-1.750730752944946289e+00
-1.838641643524169922e+00
6.545656323432922363e-01
5.072217583656311035e-01
-1.721030116081237793e+00
9.434093236923217773e-01
-1.231962800025939941e+00
8.265644907951354980e-01
-5.110169053077697754e-01
7.227476239204406738e-01
3.366222679615020752e-01
-4.785726666450500488e-01
-8.939842581748962402e-01
1.942032724618911743e-01
-1.518507361412048340e+00
-8.986873030662536621e-01
3.913495242595672607e-01
-9.757638573646545410e-01
-1.498353838920593262e+00
3.276202678680419922e-01
6.228683590888977051e-01
-7.230888009071350098e-01
-1.235034465789794922e+00
6.596571803092956543e-01
-7.594406604766845703e-01
4.112764298915863037e-01
-9.104241728782653809e-01
2.811263203620910645e-01
2.596842646598815918e-01
1.195851415395736694e-01
8.080554604530334473e-01
-1.124411940574645996e+00
-1.680647134780883789e+00
2.551950216293334961e-01
8.812392950057983398e-01
-5.422781705856323242e-01
-7.432697415351867676e-01
3.598735928535461426e-01
6.672384142875671387e-01
8.106403946876525879e-01
-1.947097331285476685e-01
9.164404869079589844e-01
7.005713582038879395e-01
-2.088774204254150391e+00
-6.805251240730285645e-01
-1.848979949951171875e+00
-2.202402114868164062e+00
9.975221157073974609e-01
2.074550241231918335e-01
-8.330630511045455933e-02
6.511294841766357422e-02
-1.678777456283569336e+00
1.267588973045349121e+00
1.177624613046646118e-01
8.985854983329772949e-01
-7.608025521039962769e-02
1.236184835433959961e+00
7.346923351287841797e-01
5.804056525230407715e-01
1.990889161825180054e-01
-8.488764986395835876e-03
6.233080849051475525e-02
3.198273479938507080e-01
-9.797003865242004395e-01
1.084518209099769592e-01
-1.492178559303283691e+00
5.264449119567871094e-01
-8.171399235725402832e-01
4.102923572063446045e-01
6.254715323448181152e-01
3.392021358013153076e-01
-2.514424920082092285e-01
4.465874433517456055e-01
-7.846329212188720703e-01
-1.402145028114318848e+00
2.494522035121917725e-01
-9.602543711662292480e-01
-7.381578087806701660e-01
2.298206537961959839e-01
-5.824258327484130859e-01
6.977217793464660645e-01
6.983348727226257324e-01
4.507878422737121582e-01
-1.382395386695861816e+00
8.748288750648498535e-01
-9.318754076957702637e-01
2.334613502025604248e-01
-1.257818937301635742e+00
6.143271327018737793e-01
-1.167344689369201660e+00
1.529809832572937012e-01
-5.165919065475463867e-01
3.881331682205200195e-01
-1.214552521705627441e+00
5.706712007522583008e-01
4.570447802543640137e-01
-9.571914672851562500e-01
-1.311810731887817383e+00
-4.872414469718933105e-01
1.134126633405685425e-01
-3.478201627731323242e-01
7.097836136817932129e-01
8.073828816413879395e-01
2.008609771728515625e-01
6.575243473052978516e-01
-8.715420961380004883e-01
-1.502809762954711914e+00
-9.843034744262695312e-01
-1.631438612937927246e+00
4.259997010231018066e-01
5.007731914520263672e-01
5.622664093971252441e-01
-1.483199000358581543e+00
-8.671041727066040039e-01
-1.526969820261001587e-01
8.948404788970947266e-01
4.463771581649780273e-01
-1.660037279129028320e+00
-1.316000699996948242e+00
3.898734748363494873e-01
9.098427295684814453e-01
-1.141389250755310059e+00
3.247908055782318115e-01
9.905583262443542480e-01
6.277046799659729004e-01
2.416472584009170532e-01
8.222699761390686035e-01
5.716596841812133789e-01
1.645269244909286499e-01
-9.549207091331481934e-01
5.523630380630493164e-01
4.493950903415679932e-01
5.400664806365966797e-01
-7.519537806510925293e-01
-1.368006229400634766e+00
1.681585013866424561e-01
-1.798849403858184814e-01
7.097655534744262695e-01
-1.429978728294372559e+00
9.221884608268737793e-01
-5.174800753593444824e-01
-7.438309788703918457e-01
-2.820567190647125244e-01
-5.743305087089538574e-01
-1.285529851913452148e+00
8.913201689720153809e-01
3.418479561805725098e-01
-1.269420385360717773e+00
-1.352600693702697754e+00
-4.869300425052642822e-01
-8.061214089393615723e-01
-1.641213893890380859e-01
-1.542372584342956543e+00
-3.552903831005096436e-01
-9.650110602378845215e-01
-5.459133535623550415e-02
-9.146850109100341797e-01
-1.409778237342834473e+00
4.260533154010772705e-01
4.435626566410064697e-01
8.331565856933593750e-01
-8.945316672325134277e-01
1.986929029226303101e-01
-1.721113681793212891e+00
4.948821365833282471e-01
-1.603310465812683105e+00
1.533743143081665039e-01
5.412001013755798340e-01
7.109997421503067017e-02
-9.356384277343750000e-01
6.852692961692810059e-01
3.245830535888671875e-01
-1.213347792625427246e+00
5.570909380912780762e-01
-5.575803294777870178e-02
-1.244044423103332520e+00
8.112887144088745117e-01
-1.531877279281616211e+00
3.171811401844024658e-01
4.156865775585174561e-01
-1.072338104248046875e+00
-8.639693856239318848e-01
6.878703236579895020e-01
5.553137660026550293e-01
-6.359248161315917969e-01
1.132349491119384766e+00
2.897437214851379395e-01
-1.339335560798645020e+00
-7.905015349388122559e-01
-8.657470345497131348e-01
7.299162745475769043e-01
4.415463805198669434e-01
-8.110068440437316895e-01
5.112748146057128906e-01
-1.397598266601562500e+00
7.037354707717895508e-01
4.810727238655090332e-01
4.672926664352416992e-01
6.492676138877868652e-01
-2.200573444366455078e+00
-1.336820840835571289e+00
-1.183712244033813477e+00
-2.023433744907379150e-01
-1.616683840751647949e+00
2.700878977775573730e-01
-9.077464938163757324e-01
3.710398077964782715e-01
2.533756792545318604e-01
2.495872825384140015e-01
2.202814817428588867e-02
-1.816935658454895020e+00
4.009228348731994629e-01
9.568144679069519043e-01
9.284464120864868164e-01
1.766812652349472046e-01
-6.580753922462463379e-01
-2.907714061439037323e-02
4.797213971614837646e-01
2.091673910617828369e-01
-1.315088868141174316e+00
-6.488417387008666992e-01
5.337722897529602051e-01
2.040926665067672729e-01
4.245550334453582764e-01
-1.421930670738220215e+00
-1.712000012397766113e+00
-3.765901327133178711e-01
-6.837515234947204590e-01
3.808524832129478455e-02
-7.354925870895385742e-01
4.578475654125213623e-01
4.109050035476684570e-01
-7.925624847412109375e-01
3.976125121116638184e-01
2.890266478061676025e-01
-1.581560254096984863e+00
6.230720877647399902e-01
-5.138939023017883301e-01
6.505817174911499023e-01
-4.250876307487487793e-01
-1.360498905181884766e+00
-5.144673585891723633e-01
1.163421720266342163e-01
-2.169123172760009766e+00
1.006558060646057129e+00
-9.957731962203979492e-01
2.440000623464584351e-01
-4.467085003852844238e-01
8.796007037162780762e-01
1.072757482528686523e+00
-5.076628923416137695e-01
-1.120105266571044922e+00
-7.260329127311706543e-01
-1.074987888336181641e+00
-5.764747858047485352e-01
1.032972931861877441e+00
-2.670307271182537079e-02
1.743767112493515015e-01
-1.249006867408752441e+00
1.109255790710449219e+00
5.369310379028320312e-01
-1.243488192558288574e+00
-1.566269874572753906e+00
5.105018615722656250e-01
-1.258679509162902832e+00
-2.965038418769836426e-01
-1.321281313896179199e+00
-1.117933034896850586e+00
4.034229516983032227e-01
9.339095950126647949e-01
-1.597194671630859375e+00
6.413174271583557129e-01
4.338676035404205322e-01
-9.033656120300292969e-01
4.860687255859375000e-01
3.086438179016113281e-01
3.603733777999877930e-01
9.329925775527954102e-01
2.793646752834320068e-01
1.092081665992736816e+00
-1.378576159477233887e+00
-1.699263095855712891e+00
3.615119755268096924e-01
-1.389829516410827637e+00
1.897603273391723633e-01
3.318246006965637207e-01
1.688882708549499512e-01
-6.792604923248291016e-01
5.974031090736389160e-01
-9.501755237579345703e-01
4.599228203296661377e-01
2.097329497337341309e-01
1.609489135444164276e-02
-7.918652296066284180e-01
-2.448539584875106812e-01
-1.123103857040405273e+00
8.486472964286804199e-01
7.425758838653564453e-01
-1.371601223945617676e+00
6.316858809441328049e-03
6.844808459281921387e-01
4.021934270858764648e-01
-1.837993144989013672e+00
3.165727853775024414e-01
2.780062556266784668e-01
5.802437663078308105e-01
-1.279573440551757812e+00
4.853159487247467041e-01
4.344030618667602539e-01
4.628700017929077148e-01
2.663145065307617188e-01
2.615143954753875732e-01
-8.572167158126831055e-01
-5.420109629631042480e-01
6.230773329734802246e-01
-4.796019792556762695e-01
4.823920428752899170e-01
4.259638488292694092e-01
6.385324597358703613e-01
-1.096023797988891602e+00
-1.067382216453552246e+00
8.115468025207519531e-01
1.914288252592086792e-01
-2.047077655792236328e+00
3.688019812107086182e-01
5.812601372599601746e-02
5.416374206542968750e-01
-6.340221762657165527e-01
-2.714355230331420898e+00
-3.511614203453063965e-01
-1.284046769142150879e+00
-8.963599205017089844e-01
5.591484904289245605e-01
-1.620548844337463379e+00
-1.634253263473510742e+00
-7.834783941507339478e-02
6.998517513275146484e-01
-5.761606693267822266e-01
2.473611384630203247e-01
2.440752647817134857e-02
1.506213396787643433e-01
2.183307111263275146e-01
-8.989292979240417480e-01
7.131907939910888672e-01
-1.515933632850646973e+00
4.231027960777282715e-01
4.120985269546508789e-01
2.166130542755126953e-01
4.996895045042037964e-02
8.036891222000122070e-01
5.923955440521240234e-01
8.403031229972839355e-01
-8.293707370758056641e-01
-3.446483910083770752e-01
-1.198928356170654297e+00
5.428352355957031250e-01
-7.822347879409790039e-01
-1.112323760986328125e+00
1.848334521055221558e-01
-3.285773396492004395e-01
-9.786368608474731445e-01
-4.251462221145629883e-01
2.026271224021911621e-01
-1.956733703613281250e+00
-9.777724146842956543e-01
7.157622575759887695e-01
5.051568746566772461e-01
5.710302591323852539e-01
6.415033936500549316e-01
-1.587070584297180176e+00
-1.795474171638488770e+00
5.259053111076354980e-01
3.848567008972167969e-01
6.129102110862731934e-01
6.212645173072814941e-01
4.343436062335968018e-01
1.641049422323703766e-02
1.104386329650878906e+00
4.523927271366119385e-01
-8.553569912910461426e-01
-1.395371079444885254e+00
-9.579455256462097168e-01
3.046882748603820801e-01
3.942231535911560059e-01
-7.353484630584716797e-01
6.437473297119140625e-01
-1.639848351478576660e+00
1.384876847267150879e+00
-1.044365406036376953e+00
2.097281068563461304e-01
-8.929796814918518066e-01
-4.825307130813598633e-01
8.175401091575622559e-01
-3.714700937271118164e-01
-1.039088010787963867e+00
-1.395017743110656738e+00
-1.195472359657287598e+00
-1.025153040885925293e+00
1.144686564803123474e-01
-7.338299751281738281e-01
7.432015538215637207e-01
1.115508899092674255e-01
-1.733697175979614258e+00
-1.158141016960144043e+00
-4.163536801934242249e-02
-4.421423077583312988e-01
2.718548774719238281e-01
3.176766633987426758e-01
4.066146016120910645e-01
-3.753275871276855469e-01
3.876965045928955078e-01
-1.638983964920043945e+00
9.364089965820312500e-01
7.716511487960815430e-01
-9.166017770767211914e-01
-4.317921102046966553e-01
-9.668712019920349121e-01
-1.482162028551101685e-01
8.676127195358276367e-01
-1.221341013908386230e+00
-7.386198043823242188e-01
-6.036685705184936523e-01
-1.835882544517517090e+00
-2.209953308105468750e+00
-9.847602248191833496e-02
-1.590300679206848145e+00
-9.043151140213012695e-01
4.967044591903686523e-01
1.518124043941497803e-01
1.341737151145935059e+00
-1.115177869796752930e+00
-1.509989142417907715e+00
-3.663042783737182617e-01
3.856161534786224365e-01
1.250936239957809448e-01
-1.054044961929321289e+00
7.963584661483764648e-01
5.692980289459228516e-01
3.496838510036468506e-01
-5.686195492744445801e-01
-1.173711180686950684e+00
-3.910422325134277344e-01
2.209394611418247223e-02
7.574187517166137695e-01
6.032639145851135254e-01
-1.333341479301452637e+00
-1.308744192123413086e+00
3.688412606716156006e-01
-1.128944396972656250e+00
6.271141767501831055e-01
2.484313100576400757e-01
-5.065707862377166748e-02
7.170082926750183105e-01
1.009055852890014648e+00
8.481061458587646484e-01
7.637584805488586426e-01
-1.043290495872497559e+00
4.717983007431030273e-01
-6.557087898254394531e-01
4.582187235355377197e-01
-1.187140226364135742e+00
8.257793784141540527e-01
-1.919561624526977539e-01
-1.172806143760681152e+00
-9.194435477256774902e-01
9.056894779205322266e-01
-1.435357570648193359e+00
-1.633910536766052246e+00
-9.261914491653442383e-01
6.693035364151000977e-01
2.748582661151885986e-01
-4.284829795360565186e-01
-1.212484717369079590e+00
-1.290141791105270386e-01
-1.129469037055969238e+00
-1.547734260559082031e+00
-8.607700467109680176e-01
9.449161887168884277e-01
-1.101610779762268066e+00
4.775685071945190430e-01
1.809338629245758057e-01
2.422159314155578613e-01
3.725958243012428284e-02
-9.087488651275634766e-01
6.897981762886047363e-01
-1.027452945709228516e+00
3.474006056785583496e-01
7.959313988685607910e-01
1.753073632717132568e-01
-3.020863831043243408e-01
-1.047152400016784668e+00
-1.661560535430908203e+00
-1.357445240020751953e+00
8.237295150756835938e-01
1.068036109209060669e-01
-7.876174449920654297e-01
2.916799783706665039e-01
3.943098783493041992e-01
-1.369935870170593262e-01
2.427482604980468750e-01
-3.139270246028900146e-01
-1.443233489990234375e+00
-2.315220981836318970e-02
1.412068158388137817e-01
-1.578638672828674316e+00
8.166379928588867188e-01
4.666788280010223389e-01
-4.341846108436584473e-01
7.441055774688720703e-02
-1.436106801033020020e+00
-9.188914299011230469e-01
2.333664745092391968e-01
-8.102917075157165527e-01
-1.268361806869506836e+00
3.209221363067626953e-01
6.220830082893371582e-01
-1.249810814857482910e+00
-1.564659714698791504e+00
-1.160690903663635254e+00
3.120547831058502197e-01
6.601108312606811523e-01
-5.778622031211853027e-01
3.082162439823150635e-01
1.920205950736999512e-01
-1.772392272949218750e+00
4.249307215213775635e-01
-1.578323841094970703e+00
-6.631779670715332031e-01
-1.111657470464706421e-01
-1.367923021316528320e+00
-4.143470525741577148e-01
3.899407088756561279e-01
2.106764316558837891e-01
-6.874955892562866211e-01
3.135660886764526367e-01
-9.168372303247451782e-02
1.130601167678833008e+00
5.254480838775634766e-01
-4.561346769332885742e-01
7.138525843620300293e-01
1.214583590626716614e-01
7.535887956619262695e-01
4.986498653888702393e-01
1.056905388832092285e+00
1.100613713264465332e+00
8.274095654487609863e-01
3.251137733459472656e-01
-1.680896878242492676e+00
6.053326725959777832e-01
-1.989815533161163330e-01
-1.294448733329772949e+00
8.207874894142150879e-01
1.082555532455444336e+00
1.325437068939208984e+00
-1.278882980346679688e+00
-3.906602859497070312e-01
1.022504210472106934e+00
5.158910155296325684e-01
-1.321128129959106445e+00
-1.851048171520233154e-01
3.775153160095214844e-01
1.135811090469360352e+00
-1.246953845024108887e+00
6.512292623519897461e-01
5.508448481559753418e-01
-1.389864444732666016e+00
4.067327976226806641e-01
-8.428339958190917969e-01
1.869429945945739746e-01
-1.294561624526977539e+00
-1.060865640640258789e+00
-1.427560925483703613e+00
2.860967218875885010e-01
-1.245956420898437500e+00
7.241433262825012207e-01
5.610906481742858887e-01
6.128529906272888184e-01
-1.149072647094726562e+00
-1.147930383682250977e+00
-1.402196764945983887e+00
-3.048619031906127930e-01
3.581624627113342285e-01
2.802545428276062012e-01
5.341910123825073242e-01
-7.845977544784545898e-01
-1.916753351688385010e-01
2.998699247837066650e-01
-8.779961466789245605e-01
-1.843255281448364258e+00
8.683993816375732422e-01
3.435538411140441895e-01
8.408325910568237305e-01
-1.144172668457031250e+00
-9.376846551895141602e-01
-7.758296132087707520e-01
1.610823273658752441e-01
-1.913917779922485352e+00
-1.442836165428161621e+00
-1.378694176673889160e+00
3.164542615413665771e-01
-1.202031493186950684e+00
6.142696142196655273e-01
-7.504143714904785156e-01
2.333858311176300049e-01
4.466356039047241211e-01
-5.029388666152954102e-01
7.341930270195007324e-01
3.124547302722930908e-01
3.424707949161529541e-01
4.781284332275390625e-01
4.369716048240661621e-01
-8.666616082191467285e-01
1.060798764228820801e+00
-1.061478495597839355e+00
4.217401742935180664e-01
-2.510572075843811035e-01
4.729768037796020508e-01
6.789910793304443359e-01
8.589084744453430176e-01
3.553431332111358643e-01
5.445364117622375488e-01
-9.475451111793518066e-01
3.272464275360107422e-01
-1.154745817184448242e+00
5.788269042968750000e-01
-9.505942580290138721e-05
-1.004626274108886719e+00
4.500624239444732666e-01
6.165685653686523438e-01
-5.543592572212219238e-01
-6.635432243347167969e-01
6.905394196510314941e-01
4.245241284370422363e-01
6.467887759208679199e-01
2.168419957160949707e-01
3.648040890693664551e-01
-3.215954005718231201e-01
-1.380501508712768555e+00
-1.282060265541076660e+00
-8.790993094444274902e-01
-3.174067242071032524e-03
1.643858477473258972e-02
3.936192989349365234e-01
-8.218773007392883301e-01
-1.104670643806457520e+00
-1.550222754478454590e+00
2.541467249393463135e-01
5.393916964530944824e-01
-9.528029561042785645e-01
-7.659244537353515625e-01
-1.046450138092041016e+00
-1.185047030448913574e+00
-7.843936085700988770e-01
-7.008620500564575195e-01
-9.203259944915771484e-01
4.400242567062377930e-01
-1.016887545585632324e+00
3.975510001182556152e-01
4.032726287841796875e-01
-6.590252518653869629e-01
-1.721901774406433105e+00
-3.547425866127014160e-01
4.535673260688781738e-01
3.359351158142089844e-01
4.044777750968933105e-01
7.844982147216796875e-01
3.649705946445465088e-01
5.941279530525207520e-01
-1.153675198554992676e+00
-5.420863628387451172e-03
3.559549450874328613e-01
6.555019021034240723e-01
-1.021655559539794922e+00
6.892010569572448730e-01
5.655899643898010254e-01
-7.401898503303527832e-01
-1.266567260026931763e-01
-1.251924753189086914e+00
4.425864815711975098e-01
1.357826888561248779e-01
7.057902812957763672e-01
-1.366381883621215820e+00
-1.409673213958740234e+00
3.334801495075225830e-01
6.132574677467346191e-01
-1.808073043823242188e+00
-8.464671671390533447e-02
-1.214190721511840820e+00
-7.830505073070526123e-02
-9.411687850952148438e-01
-1.126884460449218750e+00
8.139640092849731445e-01
-1.307971596717834473e+00
3.903838396072387695e-01
9.361019134521484375e-01
2.035841494798660278e-01
6.039562821388244629e-01
5.619442462921142578e-01
4.055299162864685059e-01
9.545851349830627441e-01
1.022225499153137207e+00
9.500581026077270508e-01
4.411162137985229492e-01
1.814033687114715576e-01
1.219354271888732910e-01
-1.058264493942260742e+00
2.778049409389495850e-01
-1.005429744720458984e+00
2.464487254619598389e-01
-5.440430045127868652e-01
-1.589185118675231934e+00
2.378029376268386841e-01
-1.016202211380004883e+00
-7.583573460578918457e-01
1.800362765789031982e-01
8.302382826805114746e-01
-5.417029261589050293e-01
7.756522297859191895e-01
3.682028949260711670e-01
8.684270381927490234e-01
-1.939200520515441895e+00
6.841726303100585938e-01
1.460821032524108887e-01
4.054125547409057617e-01
4.479569494724273682e-01
4.998256564140319824e-01
-5.455119013786315918e-01
-1.659589648246765137e+00
3.653836250305175781e-01
-1.068750262260437012e+00
2.522726058959960938e-01
-6.507474929094314575e-02
-2.867635153234004974e-02
4.467579126358032227e-01
1.753039509057998657e-01
1.095378324389457703e-01
-1.224373459815979004e+00
-1.945478171110153198e-01
-1.290875911712646484e+00
-1.732257485389709473e+00
7.599344849586486816e-01
-1.254613041877746582e+00
2.035973779857158661e-02
-2.259307861328125000e+00
-9.879244565963745117e-01
6.062111854553222656e-01
2.198542235419154167e-03
6.509022116661071777e-01
-1.761583834886550903e-01
-1.381766080856323242e+00
9.349048137664794922e-01
-9.318571090698242188e-01
1.107060238718986511e-01
-1.637370944023132324e+00
-6.301027536392211914e-01
-2.680881977081298828e+00
-1.439350843429565430e+00
3.844884410500526428e-02
-3.552277386188507080e-01
-1.737728357315063477e+00
3.550609350204467773e-01
-1.535776972770690918e+00
-4.263965785503387451e-01
2.551105320453643799e-01
-1.382799267768859863e+00
2.628587186336517334e-01
4.730042815208435059e-01
