3.173402547836303711e-01
-5.843392387032508850e-02
2.988048493862152100e-01
-5.282017588615417480e-01
-1.335713267326354980e-01
1.794144809246063232e-01
-1.399042159318923950e-01
7.770344614982604980e-02
-1.124776527285575867e-02
1.932510286569595337e-01
3.431752622127532959e-01
-2.807553857564926147e-02
2.323300987482070923e-01
-1.448955535888671875e-01
4.950438812375068665e-02
8.290443569421768188e-02
-9.617893025279045105e-03
1.854577809572219849e-01
1.419881880283355713e-01
3.613445535302162170e-02
1.031234040856361389e-01
-2.588372528553009033e-01
-1.803347617387771606e-01
1.601702906191349030e-02
8.943265303969383240e-03
2.603278867900371552e-02
2.193162292242050171e-01
-1.027592718601226807e-01
-1.647217124700546265e-01
-6.327550113201141357e-02
1.495773345232009888e-01
-4.348416347056627274e-03
-4.182299971580505371e-02
-1.218378022313117981e-01
-7.861356437206268311e-02
-1.571408659219741821e-01
8.845242112874984741e-02
-3.103578686714172363e-01
-6.284917145967483521e-02
-9.332066029310226440e-02
-2.375411987304687500e-02
-7.558820396661758423e-02
4.658837616443634033e-02
3.089757077395915985e-02
-3.460537791252136230e-01
3.736073672771453857e-01
1.637425422668457031e-01
5.843657255172729492e-02
-4.381798498798161745e-04
9.477452933788299561e-02
3.230257928371429443e-01
-2.429616898298263550e-01
-2.742622196674346924e-01
-2.394262999296188354e-01
-5.098341777920722961e-02
-3.118551075458526611e-01
-2.066861651837825775e-02
1.403845399618148804e-01
-1.077832281589508057e-01
8.477006852626800537e-02
-6.719569116830825806e-02
-6.072340905666351318e-02
-2.265272140502929688e-01
2.411971986293792725e-02
-2.629525363445281982e-01
1.542036980390548706e-01
-1.099506393074989319e-01
9.650192409753799438e-02
-3.238426148891448975e-02
2.523229122161865234e-01
-4.481215178966522217e-01
-3.653900921344757080e-01
1.681944578886032104e-01
-1.131958980113267899e-02
-1.213509440422058105e-01
1.014715656638145447e-01
-1.525711119174957275e-01
8.666042238473892212e-02
1.705191731452941895e-01
-3.728767633438110352e-01
-2.547852098941802979e-01
-1.401895135641098022e-01
-3.456775099039077759e-02
-4.120762348175048828e-01
-6.027717888355255127e-02
-3.299205303192138672e-01
3.457877784967422485e-03
3.356136381626129150e-01
-3.734066486358642578e-01
-5.106171965599060059e-02
-2.021074891090393066e-01
-1.368376165628433228e-01
1.513512432575225830e-01
-3.645944234449416399e-04
3.068790771067142487e-02
-2.023748457431793213e-01
1.587729305028915405e-01
3.222144767642021179e-02
-2.310282438993453979e-01
-2.948557436466217041e-01
-1.131566837430000305e-01
1.527234911918640137e-01
-2.847756147384643555e-01
1.029847487807273865e-01
-4.691844582557678223e-01
2.072955220937728882e-01
-1.146040037274360657e-01
2.372964620590209961e-01
-2.866137623786926270e-01
-1.731445640325546265e-01
-2.008227407932281494e-01
3.153787553310394287e-01
-2.841123752295970917e-02
-8.090218156576156616e-02
-3.748047649860382080e-01
-6.725787371397018433e-02
3.028959333896636963e-01
8.970020711421966553e-02
-7.304441928863525391e-02
-1.400113552808761597e-01
2.260555885732173920e-02
9.681250154972076416e-02
-2.985456883907318115e-01
7.031784206628799438e-02
6.811117380857467651e-02
-1.066706702113151550e-01
2.877256274223327637e-02
-2.807124853134155273e-01
2.068269997835159302e-02
2.630103230476379395e-01
2.084115445613861084e-01
1.249366179108619690e-01
4.019072055816650391e-01
2.539623379707336426e-01
2.116636745631694794e-02
-2.001839578151702881e-01
-2.835600674152374268e-01
-9.857801347970962524e-02
-3.696139529347419739e-02
-4.207932353019714355e-01
-3.160980716347694397e-02
-1.737261414527893066e-01
-1.690083928406238556e-02
1.204351410269737244e-01
1.190781965851783752e-01
-2.459259331226348877e-02
-5.058952793478965759e-02
7.985879480838775635e-02
-1.716298609972000122e-01
-9.138260781764984131e-02
6.850582361221313477e-02
3.509322106838226318e-01
3.054668903350830078e-01
-1.725133322179317474e-02
-5.145978927612304688e-02
4.230118393898010254e-01
6.650206446647644043e-02
-3.351627886295318604e-01
-7.513583451509475708e-02
-2.590238153934478760e-01
2.166532576084136963e-01
1.757981628179550171e-02
-2.581735253334045410e-01
-1.118368208408355713e-01
-8.411817997694015503e-02
-3.242559358477592468e-02
1.453595310449600220e-01
1.083565652370452881e-01
1.195446820929646492e-03
-1.471938341856002808e-01
-9.509104490280151367e-02
-1.279606018215417862e-02
6.925556808710098267e-02
1.971201300621032715e-01
-1.493975073099136353e-01
-4.577361047267913818e-01
-4.662958979606628418e-01
4.502640292048454285e-02
-1.453385949134826660e-01
-3.892588242888450623e-02
1.425451487302780151e-01
-2.029395848512649536e-01
2.926676720380783081e-02
3.587156161665916443e-02
-2.356442362070083618e-01
1.266754567623138428e-01
-2.926978170871734619e-01
-1.846383959054946899e-01
-2.204106450080871582e-01
-2.743811607360839844e-01
2.151337116956710815e-01
-1.943658888339996338e-01
-8.463861048221588135e-02
8.598431944847106934e-02
-2.326245456933975220e-01
-1.229337751865386963e-01
2.299368828535079956e-01
-1.577446758747100830e-01
-3.740631937980651855e-01
-2.711179852485656738e-01
-2.364664226770401001e-01
8.680192381143569946e-02
-1.920726299285888672e-01
-1.442930549383163452e-01
-1.570805907249450684e-01
-7.361413538455963135e-02
2.038392797112464905e-02
-2.304764091968536377e-01
-2.321812361478805542e-01
3.638157248497009277e-01
-3.541607409715652466e-02
-1.041589602828025818e-01
2.463565766811370850e-01
1.435630172491073608e-01
-1.939233765006065369e-02
5.638885125517845154e-02
1.826409846544265747e-01
-1.852226406335830688e-01
-7.078135013580322266e-01
1.326495558023452759e-01
1.765902340412139893e-01
-9.110993146896362305e-02
1.616442799568176270e-01
3.044145554304122925e-02
-9.461332112550735474e-02
2.897900901734828949e-02
7.384049892425537109e-02
-4.256305098533630371e-02
2.148041129112243652e-01
-7.627458870410919189e-02
-2.268169224262237549e-01
-2.042709589004516602e-01
1.360499858856201172e-01
1.311503071337938309e-02
8.275302499532699585e-02
-1.687284409999847412e-01
-1.443404257297515869e-01
1.529822647571563721e-01
4.949932172894477844e-02
2.076084017753601074e-01
-1.953426450490951538e-01
1.116198226809501648e-01
1.087729260325431824e-01
-1.371552944183349609e-01
-2.365864217281341553e-01
2.057509124279022217e-01
3.160219490528106689e-01
-3.448717668652534485e-02
2.165903300046920776e-01
-1.831784695386886597e-01
2.068618386983871460e-01
2.375505631789565086e-03
9.612461924552917480e-02
4.931748211383819580e-01
6.178197637200355530e-02
-2.938710451126098633e-01
9.831120818853378296e-02
-7.648991793394088745e-02
-8.817809075117111206e-02
-3.634586036205291748e-01
-1.571026444435119629e-01
-4.777457192540168762e-02
4.531725123524665833e-02
-1.500286720693111420e-02
-3.680394589900970459e-02
1.878588795661926270e-01
-2.157425135374069214e-01
5.743104964494705200e-02
8.891478180885314941e-02
-2.138365060091018677e-02
2.390041649341583252e-01
-3.460728004574775696e-02
-3.457430899143218994e-01
-1.212397366762161255e-01
-3.059660494327545166e-01
2.029509544372558594e-01
1.242900788784027100e-01
-1.159723699092864990e-01
-3.650944307446479797e-02
-1.234853267669677734e-02
2.394421845674514771e-01
-2.574180066585540771e-01
6.107554584741592407e-02
-3.135012388229370117e-01
-2.012297809123992920e-01
2.487830966711044312e-01
-4.149832725524902344e-01
-1.033673733472824097e-01
-1.096109449863433838e-01
2.653062641620635986e-01
-1.788154803216457367e-02
-1.344819664955139160e-01
3.298254311084747314e-01
-1.408843845129013062e-01
-2.674897313117980957e-01
1.395686119794845581e-01
5.755371972918510437e-02
-2.522010207176208496e-01
5.638113711029291153e-03
-9.044226258993148804e-03
-1.874696761369705200e-01
2.352162636816501617e-02
2.318844795227050781e-01
1.142090931534767151e-01
1.915470361709594727e-01
9.963050484657287598e-02
-3.054309785366058350e-01
1.138738095760345459e-01
2.783866785466670990e-02
7.719094306230545044e-02
-2.002352327108383179e-01
5.627056211233139038e-02
1.707720905542373657e-01
2.001948505640029907e-01
-1.655995100736618042e-01
-1.937839761376380920e-02
-1.984231770038604736e-01
1.762500405311584473e-01
2.253891974687576294e-01
-7.805826514959335327e-02
2.538914978504180908e-01
-2.473574131727218628e-01
-4.824849311262369156e-03
-1.051907539367675781e-01
-1.348928175866603851e-02
5.154190585017204285e-02
-1.119315251708030701e-01
1.019677817821502686e-01
-8.720549754798412323e-03
1.972268968820571899e-01
7.670411467552185059e-02
-2.817662954330444336e-01
5.134651809930801392e-02
-2.476951628923416138e-01
-7.516968250274658203e-02
1.814951151609420776e-01
2.053044289350509644e-01
9.438941627740859985e-02
2.133170664310455322e-01
-1.701298356056213379e-02
-1.773128807544708252e-01
-2.750070951879024506e-02
2.717751264572143555e-01
7.670158892869949341e-02
-2.177334278821945190e-01
-5.022022873163223267e-02
-2.052366584539413452e-01
1.202397122979164124e-01
4.663146287202835083e-02
-1.798492819070816040e-01
-1.411692053079605103e-01
-1.513128280639648438e-01
-3.589252531528472900e-01
-2.792204618453979492e-01
-6.824246793985366821e-02
-2.205800861120223999e-01
1.699891984462738037e-01
-2.007779926061630249e-01
-1.213146373629570007e-01
-7.301244139671325684e-02
8.861108124256134033e-02
-1.619065999984741211e-01
1.979616284370422363e-02
-6.832909584045410156e-02
1.537767201662063599e-01
-5.963762477040290833e-02
-3.721307218074798584e-02
-3.202717006206512451e-02
-2.336731851100921631e-01
5.361387133598327637e-02
2.217608690261840820e-01
2.528052330017089844e-01
1.770535260438919067e-01
-5.512481331825256348e-01
-6.199210137128829956e-02
-5.301521345973014832e-02
-2.266501188278198242e-01
-2.854889035224914551e-01
-7.721531391143798828e-02
8.058469742536544800e-02
2.362322509288787842e-01
-1.241480037569999695e-01
8.310227096080780029e-02
-1.094382256269454956e-01
-2.611093223094940186e-01
1.022592708468437195e-01
6.681430619210004807e-03
-1.540240794420242310e-01
-4.470466375350952148e-01
-2.944898307323455811e-01
-8.791118115186691284e-02
-1.868402957916259766e-01
-7.406967878341674805e-02
-2.324122637510299683e-01
1.852254569530487061e-02
-5.392524003982543945e-01
-4.626790806651115417e-02
-1.898506879806518555e-01
1.994522847235202789e-02
-3.730738908052444458e-02
-1.219017505645751953e-01
-1.179290041327476501e-01
-1.323471218347549438e-01
-2.071754634380340576e-02
1.614559292793273926e-01
-1.546486169099807739e-01
-2.352825403213500977e-01
-2.946108765900135040e-02
7.252845168113708496e-02
-1.214295551180839539e-01
8.296102285385131836e-02
1.674010008573532104e-01
1.450114846229553223e-01
-3.002321720123291016e-01
2.224519550800323486e-01
-6.592392921447753906e-02
4.894968122243881226e-02
-2.050048857927322388e-01
2.080360054969787598e-01
2.762332260608673096e-01
-6.089182943105697632e-02
-3.436130285263061523e-01
-3.377375900745391846e-01
-2.964852452278137207e-01
2.129688709974288940e-01
1.826030313968658447e-01
-1.875933259725570679e-01
-2.637216746807098389e-01
1.722090393304824829e-01
-1.173594146966934204e-01
3.203868269920349121e-01
1.495926827192306519e-01
-1.562927514314651489e-01
-4.815542399883270264e-01
-1.746133416891098022e-01
-1.994802653789520264e-01
-2.609044909477233887e-01
-1.508225686848163605e-03
-2.403045296669006348e-01
1.849810183048248291e-01
-4.339874256402254105e-03
-2.267023921012878418e-01
-1.011096313595771790e-01
1.500904858112335205e-01
3.756504878401756287e-02
-3.128993213176727295e-01
1.963151618838310242e-02
-2.655123472213745117e-01
-1.612019836902618408e-01
-3.125392496585845947e-01
-6.668278574943542480e-02
-3.205522149801254272e-02
5.605679750442504883e-02
-2.287816256284713745e-01
-5.899292603135108948e-02
2.655793428421020508e-01
1.814827471971511841e-01
-1.674535423517227173e-01
1.971096098423004150e-01
-6.031843367964029312e-03
-3.692943155765533447e-01
-1.789964735507965088e-01
9.836360067129135132e-02
-6.736386567354202271e-03
-1.221367418766021729e-01
-4.191587492823600769e-02
-1.042648777365684509e-01
2.016688883304595947e-02
-1.273316591978073120e-01
1.485151648521423340e-01
-1.973317377269268036e-02
2.568357437849044800e-02
9.480234235525131226e-02
6.619987636804580688e-02
-1.344445943832397461e-01
-9.540466964244842529e-02
-3.228196203708648682e-01
-6.098907906562089920e-03
4.732747375965118408e-02
-3.025455176830291748e-01
-1.207133904099464417e-01
2.657683491706848145e-01
1.872716993093490601e-01
1.878678202629089355e-01
-2.572683393955230713e-01
5.181071162223815918e-02
3.447782099246978760e-01
-5.894484743475914001e-02
1.434815675020217896e-01
-2.520536482334136963e-01
2.276816964149475098e-01
-1.079388260841369629e-01
-4.443799853324890137e-01
1.128907874226570129e-02
2.271144539117813110e-01
1.498833019286394119e-02
-6.352585554122924805e-02
-2.652505040168762207e-01
-1.176802963018417358e-01
-6.199694797396659851e-02
