-1.943950192071497440e-03
-2.728893421590328217e-02
9.577487595379352570e-03
7.984710857272148132e-03
2.225957065820693970e-02
-3.472586721181869507e-02
-4.063565656542778015e-02
1.517958566546440125e-02
2.809888683259487152e-03
3.170361742377281189e-03
-1.135056000202894211e-02
1.739733293652534485e-02
2.423385344445705414e-02
-5.305940657854080200e-02
2.233508415520191193e-02
1.770276390016078949e-02
-5.189719051122665405e-02
-2.735270000994205475e-02
-9.111489169299602509e-03
5.788377020508050919e-03
3.310971707105636597e-02
-3.111741133034229279e-02
1.684637181460857391e-02
-2.942847087979316711e-02
1.506717409938573837e-02
-1.264854427427053452e-02
-2.367768436670303345e-02
-1.363452989608049393e-02
-2.568751573562622070e-02
-9.801687672734260559e-03
5.387671291828155518e-02
-1.549341157078742981e-02
3.144748508930206299e-02
-9.936176240444183350e-03
2.557120472192764282e-02
-7.269381545484066010e-03
-1.075148209929466248e-02
-3.102660877630114555e-03
1.993365772068500519e-02
2.311326749622821808e-02
2.806100621819496155e-02
-8.142606355249881744e-03
2.774543501436710358e-02
-5.094323772937059402e-03
3.491448611021041870e-02
-3.861160948872566223e-02
-4.540301859378814697e-03
2.755058230832219124e-03
4.510489851236343384e-02
-3.782416880130767822e-02
-1.586139947175979614e-02
-2.832992468029260635e-04
-4.100021440535783768e-03
-4.909622948616743088e-03
-4.434560984373092651e-02
-3.242856636643409729e-02
2.914418838918209076e-02
-9.014875628054141998e-03
-1.305239275097846985e-03
-3.848743066191673279e-02
-4.917341843247413635e-02
-4.336633533239364624e-02
-4.360921680927276611e-02
-2.827759273350238800e-02
1.742652058601379395e-02
-2.652658708393573761e-02
2.398391440510749817e-02
2.062555216252803802e-02
-3.522028401494026184e-02
2.251356467604637146e-02
-4.762794356793165207e-03
2.457475475966930389e-02
5.646199360489845276e-02
-2.194946398958563805e-03
7.310780929401516914e-04
3.471168223768472672e-03
4.364278540015220642e-02
-8.793809451162815094e-03
2.944720163941383362e-02
3.221981972455978394e-02
-1.742676086723804474e-02
1.262191683053970337e-02
1.955191791057586670e-02
3.262978792190551758e-02
3.832410275936126709e-02
1.850835233926773071e-02
2.983740158379077911e-02
-2.252200990915298462e-02
-1.628321222960948944e-02
5.136055499315261841e-02
1.165129989385604858e-02
1.754673197865486145e-02
-1.433037407696247101e-02
-2.916251868009567261e-02
2.194300666451454163e-02
1.945397816598415375e-02
-2.539055421948432922e-02
-3.242744877934455872e-02
-4.317887499928474426e-02
2.696130611002445221e-02
